pulseBlueToRed:80,1,50,127,-16776961,-65536,0,0,0:80,1,50,127,-16776961,-65536,0,0,0:80,1,50,127,-16776961,-65536,0,0,0:80,1,50,127,-16776961,-65536,0,0,0:80,1,50,127,-16776961,-65536,0,0,0
pulseGreenToBlack:80,1,10,127,-16711936,-16777216,0,0,0:80,1,10,127,-16711936,-16777216,0,0,0:80,1,10,127,-16711936,-16777216,0,0,0:80,1,10,127,-16711936,-16777216,0,0,0:80,1,10,127,-16711936,-16777216,0,0,0
rainbowSlowDim:65,1,127,15,-1,-1,0,0,0:65,1,127,15,-1,-1,0,0,0:65,1,127,15,-1,-1,0,0,0:65,1,127,15,-1,-1,0,0,0:65,1,127,15,-1,-1,0,0,0
rainbowFast:65,1,17,127,-1,-1,0,0,0:65,1,17,127,-1,-1,0,0,0:65,1,17,127,-1,-1,0,0,0:65,1,17,127,-1,-1,0,0,0:65,1,17,127,-1,-1,0,0,0
rainbowPeak:65,3,17,127,-1,-1,0,0,0:65,3,17,127,-1,-1,0,0,0:65,3,17,127,-1,-1,0,0,0:65,3,17,127,-1,-1,0,0,0:65,3,17,127,-1,-1,0,0,0
rainbowDither:65,5,17,127,-1,-1,0,0,0:65,5,17,127,-1,-1,0,0,0:65,5,17,127,-1,-1,0,0,0:65,5,17,127,-1,-1,0,0,0:65,5,17,127,-1,-1,0,0,0
easterPastels:64,1,17,127,-1,-1,0,0,0:64,1,17,127,-1,-1,0,0,0:64,1,17,127,-1,-1,0,0,0:64,1,17,127,-1,-1,0,0,0:64,1,17,127,-1,-1,0,0,0
bluePinkDim:71,1,17,13,-65466,-16776961,0,0,0:71,1,17,13,-65466,-16776961,0,0,0:71,1,17,13,-65466,-16776961,0,0,0:71,1,17,13,-65466,-16776961,0,0,0:71,1,17,13,-65466,-16776961,0,0,0
flickerFourFast:63,1,17,127,-1,-1,0,0,0:63,1,17,127,-1,-1,0,0,0:63,1,17,127,-1,-1,0,0,0:63,1,17,127,-1,-1,0,0,0:63,1,17,127,-1,-1,0,0,0
rainbowCycle:66,1,17,127,-1,-1,0,0,0:66,1,0,127,-1,-1,0,0,0:66,1,0,127,-1,-1,0,0,0:66,1,0,127,-1,-1,0,0,0:66,1,0,127,-1,-1,0,0,0
bluePinkRain:70,1,17,127,-16776961,-65536,0,0,0:70,1,17,127,-16776961,-65536,0,0,0:70,1,17,127,-16776961,-65536,0,0,0:70,1,17,127,-16776961,-65536,0,0,0:70,1,17,127,-16776961,-65536,0,0,0
yellowGreenRain:70,1,17,127,-256,-16711936,0,0,0:70,1,17,127,-256,-16711936,0,0,0:70,1,17,127,-256,-16711936,0,0,0:70,1,17,127,-256,-16711936,0,0,0:70,1,17,127,-256,-16711936,0,0,0
blueTurqStripes:76,2,17,127,-16776961,-16711818,0,0,0:76,2,17,127,-16776961,-16711818,0,0,0:76,2,17,127,-16776961,-16711818,0,0,0:76,2,17,127,-16776961,-16711818,0,0,0:76,2,17,127,-16776961,-16711818,0,0,0
redGapChase:77,1,17,127,-16777216,-65536,0,0,0:77,1,17,127,-16777216,-65536,0,0,0:77,1,17,127,-16777216,-65536,0,0,0:77,1,17,127,-16777216,-65536,0,0,0:77,1,17,127,-16777216,-65536,0,0,0
redGreenStrobe:75,1,64,127,-65536,-16711936,0,0,0:75,1,64,127,-65536,-16711936,0,0,0:75,1,64,127,-65536,-16711936,0,0,0:75,1,64,127,-65536,-16711936,0,0,0:75,1,64,127,-65536,-16711936,0,0,0
vuMeterTurqOrange:78,1,15,127,-16711861,-46336,0,0,0:78,1,15,127,-16711861,-46336,0,0,0:78,1,15,127,-16711861,-46336,0,0,0:78,1,15,127,-16711861,-46336,0,0,0:78,1,15,127,-16711861,-46336,0,0,0
whiteRain:70,1,17,127,-1,-16777216,0,0,0:70,1,17,127,-1,-16777216,0,0,0:70,1,17,127,-1,-16777216,0,0,0:70,1,17,127,-1,-16777216,0,0,0:70,1,17,127,-1,-16777216,0,0,0
purpleBlueStripes:76,3,17,127,-65281,-16711681,0,0,0:76,3,17,127,-65281,-16711681,0,0,0:76,3,17,127,-65281,-16711681,0,0,0:76,3,17,127,-65281,-16711681,0,0,0:76,3,17,127,-65281,-16711681,0,0,0
teeth:78,3,50,127,-1,-16777216,0,0,0:78,3,50,127,-1,-16777216,0,0,0:78,3,50,127,-1,-16777216,0,0,0:78,3,50,127,-1,-16777216,0,0,0:78,3,50,127,-1,-16777216,0,0,0
chaseInverted:77,3,9,127,-65536,-16777196,0,0,0:77,3,9,127,-65536,-16777196,0,0,0:77,3,9,127,-65536,-16777196,0,0,0:77,3,9,127,-65536,-16777196,0,0,0:77,3,9,127,-65536,-16777196,0,0,0
sineGreenPurp:71,1,17,127,-16711936,-2948865,0,0,0:71,1,17,127,-16711936,-2948865,0,0,0:71,1,17,127,-16711936,-2948865,0,0,0:71,1,17,127,-16711936,-2948865,0,0,0:71,1,17,127,-16711936,-2948865,0,0,0
sineRedBlue:71,1,17,127,-65536,-16776961,0,0,0:71,1,17,127,-65536,-16776961,0,0,0:71,1,17,127,-65536,-16776961,0,0,0:71,1,17,127,-65536,-16776961,0,0,0:71,1,17,127,-65536,-16776961,0,0,0
strobeWhite:75,1,17,127,-1,-16777216,0,0,0:75,1,17,127,-1,-16777216,0,0,0:75,1,17,127,-1,-16777216,0,0,0:75,1,17,127,-1,-16777216,0,0,0:75,1,17,127,-1,-16777216,0,0,0
*blueSparkle:68,1,2,127,-1,-16777216,0,0,0:63,1,2,127,-16730881,-16777216,0,0,0:63,1,2,127,-16495105,-16777216,0,0,0:70,1,20,127,-16711681,-16777216,0,0,0:69,1,2,127,-16740865,-16777216,0,0,0
*cymkStrobe:75,1,10,127,-1,-16777216,0,0,0:75,1,10,127,-65281,-16777216,0,0,0:75,1,10,127,-16711681,-16777216,0,0,0:75,1,10,127,-256,-16777216,0,0,0:75,1,10,127,-1,-16777216,0,0,0
*cymkWipes:70,3,30,127,-1,-16777216,0,0,0:70,3,30,127,-16711681,-16777216,0,0,0:70,3,30,127,-256,-16777216,0,0,0:70,3,30,127,-130817,-16777216,0,0,0:63,3,30,127,-1,-16777216,0,0,0
*cymkValley:78,4,30,127,-1,-16777216,0,0,0:78,4,30,127,-16711681,-16777216,0,0,0:78,4,30,127,-256,-16777216,0,0,0:78,4,30,127,-130817,-16777216,0,0,0:78,4,30,127,-1,-16777216,0,0,0
*whiteTrader:75,1,15,127,-1,-16777216,0,0,0:75,1,15,127,-1,-16777216,0,0,0:75,1,15,127,-16777216,-1,0,0,0:75,1,15,127,-1,-16777216,0,0,0:75,1,15,127,-16777216,-1,0,0,0
strobeCubeGreenPole:65,1,60,127,-16777216,-16777216,0,0,0:69,1,60,127,-16711936,-16777216,0,0,0:75,1,104,127,-65536,-16776961,0,0,0
purpleseuss:76,2,17,127,-16776961,-16711818,0,0,0:76,4,17,127,-65281,-16777216,0,0,0:76,4,17,127,-16777216,-16711681,0,0,0
guccistrobe:76,2,26,127,-16776961,-16711818,0,0,0:79,4,28,127,-65281,-16711681,0,0,0:63,4,24,127,-16711681,-16777216,0,0,0
cmykWipes:70,3,12,127,-1,-16777216,0,0,0:70,3,12,127,-16711681,-16777216,0,0,0:70,3,12,127,-256,-16777216,0,0,0
alloff:68,1,0,127,-16777216,-16777216,0,0,0:68,1,0,127,-16777216,-16777216,0,0,0:68,1,0,127,-16777216,-16777216,0,0,0
ROYGBIV:69,1,127,127,-65281,-1,0,0,0:69,1,127,127,-16776961,-1,0,0,0:69,1,127,127,-16711824,-1,0,0,0:69,1,127,127,-256,-1769473,0,0,0:69,1,127,127,-54016,-16777216,0,0,0
Fruit:72,1,34,127,-256,-16777216,0,0,0:72,1,34,127,-11927297,-16777216,0,0,0:72,1,34,127,-16711936,-16777216,0,0,0:72,1,34,127,-256,-16777216,0,0,0:72,1,34,127,-62464,-16777216,0,0,0
drip:65,3,34,127,-256,-16777216,0,0,0:65,3,34,127,-11927297,-16777216,0,0,0:65,3,34,127,-16711936,-16777216,0,0,0:65,3,34,127,-256,-16777216,0,0,0:65,3,34,127,-62464,-16777216,0,0,0
test:69,1,100,127,-16777216,-16777216,96,110,0:69,4,100,127,-16777216,-16777216,30,110,0:69,1,100,127,-16777216,-16777216,96,110,1:69,3,100,127,-16777216,-16777216,96,110,0:64,1,100,127,-16777216,-16777216,96,38,0
TEST2:66,1,100,127,-65536,-16777216,96,110,0:66,4,100,127,-65536,-16777216,30,0,0:66,1,100,127,-16711936,-16777216,68,93,1:66,3,100,127,-16776961,-16777216,0,60,0:66,1,100,127,-256,-16777216,127,13,0
